DESTINATIONS

	D0 296 26
	D1 416 26

END_DESTINATIONS

GROUP_CONTROLLERS

	G0 122 85 00 00 00 00 00 00 00 00
		0 -7 -8
		1 -7 0
		2 -7 8
		3 7 -8
		4 7 0
		5 7 8
		END_SPACES
	G1 122 109 00 00 00 00 00 00 00 00
		0 -7 -8
		1 -7 0
		2 -7 8
		3 7 -8
		4 7 0
		5 7 8
		END_SPACES
	G2 122 133 00 00 00 00 00 00 00 00
		0 -7 -8
		1 -7 0
		2 -7 8
		3 7 -8
		4 7 0
		5 7 8
		END_SPACES
	G3 122 157 00 00 00 00 00 00 00 00
		0 -7 -8
		1 -7 0
		2 -7 8
		3 7 -8
		4 7 0
		5 7 8
		END_SPACES
	G4 122 181 00 00 00 00 00 00 00 00
		0 -7 -8
		1 -7 0
		2 -7 8
		3 7 -8
		4 7 0
		5 7 8
		END_SPACES
	G5 122 205 00 00 00 00 00 00 00 00
		0 -7 -8
		1 -7 0
		2 -7 8
		3 7 -8
		4 7 0
		5 7 8
		END_SPACES
	G6 122 229 00 00 00 00 00 00 00 00
		0 -7 -8
		1 -7 0
		2 -7 8
		3 7 -8
		4 7 0
		5 7 8
		END_SPACES
	G7 176 79 00 00 00 00 00 00 00 00
		0 -7 -8
		1 -7 0
		2 -7 8
		3 7 -8
		4 7 0
		5 7 8
		END_SPACES
	G8 176 103 00 00 00 00 00 00 00 00
		0 -7 -8
		1 -7 0
		2 -7 8
		3 7 -8
		4 7 0
		5 7 8
		END_SPACES
	G9 176 127 00 00 00 00 00 00 00 00
		0 -7 -8
		1 -7 0
		2 -7 8
		3 7 -8
		4 7 0
		5 7 8
		END_SPACES
	G10 176 151 00 00 00 00 00 00 00 00
		0 -7 -8
		1 -7 0
		2 -7 8
		3 7 -8
		4 7 0
		5 7 8
		END_SPACES
	G11 176 175 00 00 00 00 00 00 00 00
		0 -7 -8
		1 -7 0
		2 -7 8
		3 7 -8
		4 7 0
		5 7 8
		END_SPACES
	G12 176 199 00 00 00 00 00 00 00 00
		0 -7 -8
		1 -7 0
		2 -7 8
		3 7 -8
		4 7 0
		5 7 8
		END_SPACES
	G13 176 223 00 00 00 00 00 00 00 00
		0 -7 -8
		1 -7 0
		2 -7 8
		3 7 -8
		4 7 0
		5 7 8
		END_SPACES
	G14 230 79 00 00 00 00 00 00 00 00
		0 -7 -8
		1 -7 0
		2 -7 8
		3 7 -8
		4 7 0
		5 7 8
		END_SPACES
	G15 230 103 00 00 00 00 00 00 00 00
		0 -7 -8
		1 -7 0
		2 -7 8
		3 7 -8
		4 7 0
		5 7 8
		END_SPACES
	G16 230 127 00 00 00 00 00 00 00 00
		0 -7 -8
		1 -7 0
		2 -7 8
		3 7 -8
		4 7 0
		5 7 8
		END_SPACES
	G17 230 151 00 00 00 00 00 00 00 00
		0 -7 -8
		1 -7 0
		2 -7 8
		3 7 -8
		4 7 0
		5 7 8
		END_SPACES
	G18 230 175 00 00 00 00 00 00 00 00
		0 -7 -8
		1 -7 0
		2 -7 8
		3 7 -8
		4 7 0
		5 7 8
		END_SPACES
	G19 230 199 00 00 00 00 00 00 00 00
		0 -7 -8
		1 -7 0
		2 -7 8
		3 7 -8
		4 7 0
		5 7 8
		END_SPACES
	G20 230 223 00 00 00 00 00 00 00 00
		0 -7 -8
		1 -7 0
		2 -7 8
		3 7 -8
		4 7 0
		5 7 8
		END_SPACES
	G21 283 97 00 00 00 00 00 00 00 00
		0 -7 -8
		1 -7 0
		2 -7 8
		3 7 -8
		4 7 0
		5 7 8
		END_SPACES
	G22 283 121 00 00 00 00 00 00 00 00
		0 -7 -8
		1 -7 0
		2 -7 8
		3 7 -8
		4 7 0
		5 7 8
		END_SPACES
	G23 283 145 00 00 00 00 00 00 00 00
		0 -7 -8
		1 -7 0
		2 -7 8
		3 7 -8
		4 7 0
		5 7 8
		END_SPACES
	G24 283 169 00 00 00 00 00 00 00 00
		0 -7 -8
		1 -7 0
		2 -7 8
		3 7 -8
		4 7 0
		5 7 8
		END_SPACES
	G25 283 193 00 00 00 00 00 00 00 00
		0 -7 -8
		1 -7 0
		2 -7 8
		3 7 -8
		4 7 0
		5 7 8
		END_SPACES
	G26 283 217 00 00 00 00 00 00 00 00
		0 -7 -8
		1 -7 0
		2 -7 8
		3 7 -8
		4 7 0
		5 7 8
		END_SPACES
	G27 337 101 00 00 00 00 00 00 00 00
		0 -7 -8
		1 -7 0
		2 -7 8
		3 7 -8
		4 7 0
		5 7 8
		END_SPACES
	G28 337 125 00 00 00 00 00 00 00 00
		0 -7 -8
		1 -7 0
		2 -7 8
		3 7 -8
		4 7 0
		5 7 8
		END_SPACES
	G29 337 149 00 00 00 00 00 00 00 00
		0 -7 -8
		1 -7 0
		2 -7 8
		3 7 -8
		4 7 0
		5 7 8
		END_SPACES
	G30 337 172 00 00 00 00 00 00 00 00
		0 -7 -8
		1 -7 0
		2 -7 8
		3 7 -8
		4 7 0
		5 7 8
		END_SPACES
	G31 337 197 00 00 00 00 00 00 00 00
		0 -7 -8
		1 -7 0
		2 -7 8
		3 7 -8
		4 7 0
		5 7 8
		END_SPACES
	G32 337 221 00 00 00 00 00 00 00 00
		0 -7 -8
		1 -7 0
		2 -7 8
		3 7 -8
		4 7 0
		5 7 8
		END_SPACES
	G33 390 98 00 00 00 00 00 00 00 00
		0 -7 -8
		1 -7 0
		2 -7 8
		3 7 -8
		4 7 0
		5 7 8
		END_SPACES
	G34 390 122 00 00 00 00 00 00 00 00
		0 -7 -8
		1 -7 0
		2 -7 8
		3 7 -8
		4 7 0
		5 7 8
		END_SPACES
	G35 390 146 00 00 00 00 00 00 00 00
		0 -7 -8
		1 -7 0
		2 -7 8
		3 7 -8
		4 7 0
		5 7 8
		END_SPACES
	G36 390 170 00 00 00 00 00 00 00 00
		0 -7 -8
		1 -7 0
		2 -7 8
		3 7 -8
		4 7 0
		5 7 8
		END_SPACES
	G37 390 194 00 00 00 00 00 00 00 00
		0 -7 -8
		1 -7 0
		2 -7 8
		3 7 -8
		4 7 0
		5 7 8
		END_SPACES
	G38 390 218 00 00 00 00 00 00 00 00
		0 -7 -8
		1 -7 0
		2 -7 8
		3 7 -8
		4 7 0
		5 7 8
		END_SPACES
	G39 444 94 00 00 00 00 00 00 00 00
		0 -7 -8
		1 -7 0
		2 -7 8
		3 7 0
		4 7 8
		END_SPACES
	G40 444 118 00 00 00 00 00 00 00 00
		0 -7 -8
		1 -7 0
		2 -7 8
		3 7 -8
		4 7 0
		5 7 8
		END_SPACES
	G41 444 142 00 00 00 00 00 00 00 00
		0 -7 -8
		1 -7 0
		2 -7 8
		3 7 -8
		4 7 0
		5 7 8
		END_SPACES
	G42 444 166 00 00 00 00 00 00 00 00
		0 -7 -8
		1 -7 0
		2 -7 8
		3 7 -8
		4 7 0
		5 7 8
		END_SPACES
	G43 444 190 00 00 00 00 00 00 00 00
		0 -7 -8
		1 -7 0
		2 -7 8
		3 7 -8
		4 7 0
		5 7 8
		END_SPACES
	G44 444 214 00 00 00 00 00 00 00 00
		0 -7 -8
		1 -7 0
		2 -7 8
		3 7 -8
		4 7 0
		5 7 8
		END_SPACES
	G45 444 238 00 00 00 00 00 00 00 00
		0 -7 -8
		1 -7 0
		2 -7 8
		3 7 -8
		4 7 0
		5 7 8
		END_SPACES
	G46 497 108 00 00 00 00 00 00 00 00
		0 -7 -8
		1 -7 0
		2 -7 8
		3 7 -8
		4 7 0
		5 7 8
		END_SPACES
	G47 497 131 00 00 00 00 00 00 00 00
		0 -7 -8
		1 -7 0
		2 -7 8
		3 7 -8
		4 7 0
		5 7 8
		END_SPACES
	G48 497 156 00 00 00 00 00 00 00 00
		0 -7 -8
		1 -7 0
		2 -7 8
		3 7 -8
		4 7 0
		5 7 8
		END_SPACES
	G49 497 180 00 00 00 00 00 00 00 00
		0 -7 -8
		1 -7 0
		2 -7 8
		3 7 -8
		4 7 0
		5 7 8
		END_SPACES
	G50 497 204 00 00 00 00 00 00 00 00
		0 -7 -8
		1 -7 0
		2 -7 8
		3 7 -8
		4 7 0
		5 7 8
		END_SPACES
	G51 497 228 00 00 00 00 00 00 00 00
		0 -7 -8
		1 -7 0
		2 -7 8
		3 7 -8
		4 7 0
		5 7 8
		END_SPACES
	G52 497 252 00 00 00 00 00 00 00 00
		0 -7 -8
		1 -7 0
		2 -7 8
		3 7 -8
		4 7 0
		5 7 8
		END_SPACES
	G53 553 108 00 00 00 00 00 00 00 00
		0 -7 -8
		1 -7 0
		2 -7 8
		3 7 -8
		4 7 0
		5 7 8
		END_SPACES
	G54 553 132 00 00 00 00 00 00 00 00
		0 -7 -8
		1 -7 0
		2 -7 8
		3 7 -8
		4 7 0
		5 7 8
		END_SPACES
	G55 553 156 00 00 00 00 00 00 00 00
		0 -7 -8
		1 -7 0
		2 -7 8
		3 7 -8
		4 7 0
		5 7 8
		END_SPACES
	G56 553 180 00 00 00 00 00 00 00 00
		0 -7 -8
		1 -7 0
		2 -7 8
		3 7 -8
		4 7 0
		5 7 8
		END_SPACES
	G57 553 204 00 00 00 00 00 00 00 00
		0 -7 -8
		1 -7 0
		2 -7 8
		3 7 -8
		4 7 0
		5 7 8
		END_SPACES
	G58 553 228 00 00 00 00 00 00 00 00
		0 -7 -8
		1 -7 0
		2 -7 8
		3 7 -8
		4 7 0
		5 7 8
		END_SPACES
	G59 553 252 00 00 00 00 00 00 00 00
		0 -7 -8
		1 -7 0
		2 -7 8
		3 7 -8
		4 7 0
		5 7 8
		END_SPACES

END_GROUP_CONTROLLERS